769 Q0 18639 1
769 Q0 41759 1
769 Q0 5412 1
769 Q0 82002 1
769 Q0 86190 1
770 Q0 1735 1
770 Q0 60284 1
770 Q0 6753 1
770 Q0 68484 1
771 Q0 30692 1
771 Q0 72111 1
771 Q0 7624 1
772 Q0 93372 1
773 Q0 38119 1
773 Q0 8541 1
774 Q0 11589 1
774 Q0 41758 1
774 Q0 50639 1
774 Q0 57766 1
774 Q0 82008 1
774 Q0 84983 1
775 Q0 51064 1
776 Q0 61556 1
778 Q0 1031 1
778 Q0 21038 1
778 Q0 29008 1
781 Q0 18690 1
781 Q0 79433 1
783 Q0 52526 1
783 Q0 61874 1
783 Q0 84039 1
784 Q0 24653 1
784 Q0 50079 1
785 Q0 87802 1
785 Q0 89721 1
786 Q0 64557 1
786 Q0 81209 1
786 Q0 99997 1
787 Q0 8354 1
788 Q0 1823 1
788 Q0 56188 1
788 Q0 6743 1
788 Q0 70534 1
790 Q0 93510 1
791 Q0 19634 1
791 Q0 30572 1
791 Q0 45047 1
791 Q0 49717 1
791 Q0 58781 1
791 Q0 66504 1
791 Q0 72797 1
792 Q0 51481 1
793 Q0 29584 1
794 Q0 68944 1
796 Q0 31180 1
796 Q0 45417 1
797 Q0 13138 1
797 Q0 24808 1
797 Q0 51805 1
797 Q0 52873 1
797 Q0 5812 1
797 Q0 70040 1
798 Q0 37133 1
798 Q0 39666 1
798 Q0 41817 1
800 Q0 15751 1
800 Q0 53887 1
800 Q0 77429 1
801 Q0 20867 1
801 Q0 42250 1
801 Q0 53783 1
801 Q0 58894 1
802 Q0 18868 1
802 Q0 51193 1
802 Q0 74366 1
804 Q0 74878 1
804 Q0 78641 1
805 Q0 51820 1
805 Q0 54316 1
806 Q0 10923 1
809 Q0 37553 1
809 Q0 58617 1
810 Q0 9043 1
811 Q0 80469 1
811 Q0 96041 1
814 Q0 1592 1
814 Q0 54015 1
814 Q0 56038 1
814 Q0 68406 1
814 Q0 74485 1
814 Q0 75858 1
815 Q0 19351 1
815 Q0 47696 1
815 Q0 88610 1
815 Q0 98049 1
816 Q0 43539 1
816 Q0 67330 1
819 Q0 44019 1
820 Q0 51655 1
820 Q0 54 1
821 Q0 64690 1
822 Q0 1278 1
822 Q0 18797 1
822 Q0 31194 1
822 Q0 67534 1
823 Q0 43462 1
823 Q0 60684 1
826 Q0 26625 1
827 Q0 52689 1
828 Q0 65286 1
828 Q0 89901 1
830 Q0 75647 1
832 Q0 43283 1
832 Q0 52935 1
833 Q0 52903 1
834 Q0 14953 1
834 Q0 229 1
834 Q0 40109 1
834 Q0 71169 1
834 Q0 79325 1
835 Q0 15805 1
835 Q0 20503 1
835 Q0 33766 1
835 Q0 41550 1
835 Q0 67012 1
835 Q0 76125 1
836 Q0 14893 1
836 Q0 62404 1
838 Q0 29124 1
840 Q0 11293 1
840 Q0 61569 1
840 Q0 67312 1
840 Q0 98971 1
843 Q0 69717 1
844 Q0 15766 1
844 Q0 68173 1
844 Q0 772 1
844 Q0 99143 1
847 Q0 32214 1
847 Q0 78818 1
850 Q0 29657 1
850 Q0 95097 1
851 Q0 7850 1
852 Q0 25140 1
852 Q0 31010 1
852 Q0 46031 1
852 Q0 48342 1
852 Q0 49795 1
852 Q0 78103 1
852 Q0 80445 1
852 Q0 87434 1
852 Q0 98645 1
853 Q0 51676 1
854 Q0 41381 1
856 Q0 18755 1
856 Q0 27930 1
856 Q0 3624 1
856 Q0 68910 1
861 Q0 2493 1
861 Q0 5849 1
861 Q0 77211 1
861 Q0 97267 1
863 Q0 34685 1
863 Q0 57361 1
863 Q0 78410 1
863 Q0 79814 1
863 Q0 88526 1
864 Q0 374 1
865 Q0 6049 1
865 Q0 60527 1
865 Q0 63815 1
865 Q0 81387 1
867 Q0 11417 1
867 Q0 47717 1
867 Q0 58505 1
867 Q0 73144 1
869 Q0 34297 1
869 Q0 60913 1
869 Q0 80690 1
869 Q0 92067 1
870 Q0 84322 1
871 Q0 1871 1
871 Q0 82774 1
872 Q0 67240 1
872 Q0 72050 1
873 Q0 65512 1
875 Q0 13640 1
875 Q0 48395 1
875 Q0 49342 1
875 Q0 54366 1
875 Q0 60750 1
875 Q0 69675 1
875 Q0 92892 1
875 Q0 99740 1
209 Q0 68214 1
210 Q0 48536 1
210 Q0 59713 1
211 Q0 60006 1
215 Q0 33418 1
215 Q0 44294 1
215 Q0 89385 1
215 Q0 92076 1
216 Q0 27870 1
216 Q0 31982 1
216 Q0 55024 1
216 Q0 66119 1
216 Q0 66818 1
216 Q0 69638 1
216 Q0 80627 1
219 Q0 58631 1
221 Q0 22894 1
221 Q0 59224 1
223 Q0 21605 1
223 Q0 46793 1
223 Q0 50161 1
223 Q0 8736 1
226 Q0 34106 1
228 Q0 39643 1
229 Q0 41844 1
229 Q0 46630 1
229 Q0 92645 1
231 Q0 33961 1
231 Q0 43835 1
231 Q0 74122 1
231 Q0 86959 1
231 Q0 88699 1
231 Q0 9640 1
233 Q0 18150 1
233 Q0 52870 1
233 Q0 56901 1
234 Q0 30191 1
235 Q0 22002 1
235 Q0 69908 1
235 Q0 70789 1
235 Q0 72626 1
235 Q0 80753 1
235 Q0 89670 1
235 Q0 91524 1
236 Q0 70088 1
236 Q0 94865 1
237 Q0 18431 1
237 Q0 72228 1
238 Q0 10293 1
238 Q0 7062 1
239 Q0 21655 1
239 Q0 48837 1
239 Q0 62786 1
239 Q0 72684 1
239 Q0 73972 1
239 Q0 96595 1
240 Q0 29334 1
240 Q0 30379 1
240 Q0 53788 1
240 Q0 53797 1
240 Q0 66919 1
240 Q0 890 1
241 Q0 12810 1
241 Q0 51950 1
241 Q0 5670 1
241 Q0 6621 1
241 Q0 68526 1
241 Q0 73451 1
242 Q0 11482 1
242 Q0 29511 1
242 Q0 77405 1
244 Q0 26119 1
244 Q0 52127 1
245 Q0 22325 1
245 Q0 51048 1
245 Q0 94062 1
246 Q0 10553 1
246 Q0 22632 1
246 Q0 29437 1
246 Q0 32450 1
246 Q0 83066 1
246 Q0 95223 1
246 Q0 95241 1
248 Q0 13185 1
248 Q0 48083 1
249 Q0 63383 1
249 Q0 69366 1
249 Q0 9860 1
250 Q0 40239 1
250 Q0 44250 1
250 Q0 67170 1
250 Q0 74469 1
250 Q0 94471 1
251 Q0 26611 1
253 Q0 31534 1
253 Q0 36006 1
253 Q0 43588 1
253 Q0 47098 1
253 Q0 78728 1
253 Q0 8649 1
253 Q0 86629 1
254 Q0 84659 1
255 Q0 86826 1
256 Q0 19034 1
256 Q0 22190 1
256 Q0 33767 1
256 Q0 41742 1
256 Q0 84444 1
256 Q0 94537 1
980 Q0 52770 1
980 Q0 86322 1
980 Q0 91756 1
981 Q0 15348 1
983 Q0 1932 1
984 Q0 28860 1
984 Q0 86017 1
984 Q0 8746 1
984 Q0 98085 1
985 Q0 50013 1
986 Q0 14437 1
986 Q0 30869 1
986 Q0 57108 1
986 Q0 59729 1
986 Q0 88221 1
986 Q0 90594 1
987 Q0 13306 1
987 Q0 19362 1
987 Q0 33867 1
987 Q0 54252 1
987 Q0 54465 1
987 Q0 58710 1
991 Q0 118 1
991 Q0 15293 1
991 Q0 21152 1
991 Q0 23393 1
992 Q0 34520 1
992 Q0 60469 1
992 Q0 99538 1
996 Q0 1478 1
998 Q0 35440 1
998 Q0 48686 1
998 Q0 83950 1
998 Q0 8410 1
999 Q0 19108 1
999 Q0 57333 1
999 Q0 61392 1
999 Q0 71858 1
999 Q0 92884 1
1000 Q0 33294 1
1002 Q0 24389 1
1002 Q0 61461 1
1002 Q0 73276 1
1003 Q0 90475 1
1004 Q0 59766 1
1004 Q0 61915 1
1004 Q0 90330 1
1005 Q0 22787 1
1005 Q0 69118 1
1005 Q0 72825 1
1007 Q0 29553 1
1007 Q0 47857 1
1007 Q0 56191 1
1007 Q0 72355 1
1007 Q0 86230 1
1008 Q0 73771 1
1010 Q0 1273 1
1010 Q0 42510 1
1010 Q0 52897 1
1010 Q0 88775 1
1012 Q0 1190 1
1012 Q0 98478 1
1015 Q0 1821 1
1015 Q0 48646 1
1015 Q0 49519 1
1015 Q0 92745 1
1016 Q0 19601 1
1016 Q0 286 1
1016 Q0 35780 1
1016 Q0 37293 1
1016 Q0 44408 1
1016 Q0 57570 1
1018 Q0 29053 1
1018 Q0 32811 1
1018 Q0 79005 1
1019 Q0 21993 1
1019 Q0 44993 1
1019 Q0 7024 1
1019 Q0 78959 1
1019 Q0 80255 1
1019 Q0 91921 1
1019 Q0 96051 1
1019 Q0 97009 1
1020 Q0 16793 1
1021 Q0 18231 1
1021 Q0 40347 1
1021 Q0 52831 1
1021 Q0 88613 1
1022 Q0 42206 1
1023 Q0 11361 1
1023 Q0 12089 1
1023 Q0 24356 1
1023 Q0 34889 1
1023 Q0 73556 1
1023 Q0 84012 1
1025 Q0 91430 1
1025 Q0 92870 1
1025 Q0 96987 1
1026 Q0 28316 1
1026 Q0 32762 1
1027 Q0 41773 1
1027 Q0 85431 1
1028 Q0 23639 1
1029 Q0 13542 1
1029 Q0 38468 1
1029 Q0 41762 1
1029 Q0 48441 1
1029 Q0 83130 1
1029 Q0 96775 1
1030 Q0 65120 1
1032 Q0 56046 1
1033 Q0 72169 1
1034 Q0 19441 1
1034 Q0 53719 1
1035 Q0 35906 1
1035 Q0 44626 1
1035 Q0 45782 1
1035 Q0 51735 1
1035 Q0 66841 1
1035 Q0 72400 1
1035 Q0 74023 1
1036 Q0 33069 1
1037 Q0 52448 1
1037 Q0 71568 1
1037 Q0 7814 1
1038 Q0 36249 1
1039 Q0 23254 1
1039 Q0 36615 1
1039 Q0 53267 1
1039 Q0 94202 1
1040 Q0 54990 1
1040 Q0 89619 1
1041 Q0 61696 1
1042 Q0 33958 1
1043 Q0 34289 1
1043 Q0 47560 1
1044 Q0 74764 1
1045 Q0 30431 1
1045 Q0 38238 1
1045 Q0 44422 1
1045 Q0 46265 1
1045 Q0 6767 1
1045 Q0 8314 1
1045 Q0 95366 1
1046 Q0 18594 1
1046 Q0 26168 1
1046 Q0 48711 1
1046 Q0 92358 1
1047 Q0 27147 1
1047 Q0 27423 1
1047 Q0 40533 1
1048 Q0 10122 1
1048 Q0 19999 1
1048 Q0 22295 1
1048 Q0 2576 1
1048 Q0 42521 1
1048 Q0 43800 1
1048 Q0 53622 1
1049 Q0 11646 1
1049 Q0 60680 1
1049 Q0 70378 1
1049 Q0 86970 1
1052 Q0 43988 1
1052 Q0 70599 1
1052 Q0 8088 1
1053 Q0 78028 1
1055 Q0 29939 1
1055 Q0 98407 1
1057 Q0 5868 1
1058 Q0 46698 1
1058 Q0 56814 1
1058 Q0 85499 1
1060 Q0 11483 1
1061 Q0 23030 1
1061 Q0 50330 1
1061 Q0 90064 1
1062 Q0 53664 1
1062 Q0 76731 1
1063 Q0 29352 1
1065 Q0 72332 1
1065 Q0 8572 1
1065 Q0 87874 1
1066 Q0 26814 1
1066 Q0 61101 1
1068 Q0 31626 1
1068 Q0 68646 1
1068 Q0 71223 1
1068 Q0 89423 1
1068 Q0 98815 1
1071 Q0 16563 1
1071 Q0 21894 1
1071 Q0 40653 1
1071 Q0 67740 1
1071 Q0 78934 1
1071 Q0 92432 1
1072 Q0 51882 1
1073 Q0 1302 1
1 Q0 62014 1
1 Q0 68543 1
3 Q0 13016 1
3 Q0 23724 1
3 Q0 57939 1
3 Q0 66926 1
3 Q0 93168 1
5 Q0 58586 1
5 Q0 72340 1
6 Q0 31173 1
7 Q0 87290 1
8 Q0 41163 1
8 Q0 62932 1
10 Q0 37250 1
11 Q0 15715 1
11 Q0 5580 1
12 Q0 8412 1
15 Q0 14434 1
15 Q0 68145 1
18 Q0 23742 1
18 Q0 64896 1
18 Q0 68729 1
18 Q0 82645 1
20 Q0 11288 1
22 Q0 69025 1
22 Q0 73758 1
23 Q0 44860 1
23 Q0 50401 1
23 Q0 50482 1
23 Q0 69773 1
23 Q0 74444 1
23 Q0 85721 1
23 Q0 87950 1
25 Q0 11278 1
25 Q0 28634 1
26 Q0 11992 1
26 Q0 64576 1
27 Q0 13946 1
27 Q0 19231 1
27 Q0 41068 1
27 Q0 50734 1
27 Q0 54526 1
27 Q0 6757 1
27 Q0 69049 1
27 Q0 72095 1
27 Q0 9565 1
30 Q0 51456 1
33 Q0 17609 1
33 Q0 77964 1
36 Q0 52862 1
37 Q0 85088 1
39 Q0 57482 1
468 Q0 1426 1
469 Q0 89639 1
470 Q0 98848 1
471 Q0 12516 1
472 Q0 61569 1
472 Q0 88071 1
473 Q0 54648 1
473 Q0 88560 1
478 Q0 24964 1
478 Q0 47437 1
480 Q0 75172 1
481 Q0 40195 1
481 Q0 82490 1
481 Q0 89146 1
483 Q0 32666 1
483 Q0 7742 1
483 Q0 94018 1
484 Q0 86435 1
485 Q0 23398 1
485 Q0 9823 1
486 Q0 66983 1
487 Q0 40383 1
487 Q0 55466 1
487 Q0 65523 1
487 Q0 89369 1
487 Q0 90092 1
490 Q0 267 1
490 Q0 40548 1
491 Q0 32745 1
491 Q0 34668 1
491 Q0 44536 1
491 Q0 47269 1
491 Q0 51085 1
491 Q0 85878 1
493 Q0 28437 1
493 Q0 49469 1
493 Q0 51322 1
494 Q0 19202 1
494 Q0 27288 1
494 Q0 34385 1
494 Q0 86840 1
495 Q0 76155 1
496 Q0 17056 1
496 Q0 22960 1
496 Q0 45208 1
496 Q0 50205 1
496 Q0 51568 1
497 Q0 68061 1
498 Q0 1611 1
498 Q0 91248 1
499 Q0 36544 1
499 Q0 41589 1
499 Q0 69120 1
499 Q0 75838 1
499 Q0 854 1
499 Q0 8925 1
500 Q0 18850 1
500 Q0 24089 1
500 Q0 35629 1
500 Q0 42282 1
500 Q0 86640 1
501 Q0 57082 1
501 Q0 87648 1
502 Q0 44045 1
503 Q0 25552 1
503 Q0 46596 1
505 Q0 23043 1
505 Q0 96676 1
506 Q0 51334 1
506 Q0 66663 1
506 Q0 89480 1
507 Q0 42295 1
507 Q0 44076 1
507 Q0 79440 1
509 Q0 43131 1
509 Q0 88026 1
509 Q0 94110 1
511 Q0 35204 1
511 Q0 48650 1
511 Q0 55458 1
511 Q0 58363 1
511 Q0 88978 1
512 Q0 12091 1
512 Q0 2839 1
512 Q0 6232 1
512 Q0 73663 1
512 Q0 83428 1
512 Q0 92314 1
513 Q0 30039 1
513 Q0 58315 1
514 Q0 26905 1
514 Q0 58828 1
515 Q0 33213 1
515 Q0 86728 1
516 Q0 17900 1
516 Q0 8996 1
517 Q0 43080 1
517 Q0 67431 1
517 Q0 89082 1
519 Q0 6229 1
519 Q0 72732 1
519 Q0 73078 1
520 Q0 25325 1
520 Q0 32000 1
520 Q0 67997 1
521 Q0 13022 1
521 Q0 88947 1
523 Q0 13287 1
523 Q0 45570 1
524 Q0 5677 1
525 Q0 40067 1
525 Q0 75030 1
527 Q0 73317 1
528 Q0 100033 1
528 Q0 50583 1
528 Q0 56811 1
528 Q0 61753 1
528 Q0 63163 1
529 Q0 26114 1
529 Q0 37638 1
529 Q0 80096 1
529 Q0 86908 1
530 Q0 12989 1
530 Q0 84577 1
530 Q0 92388 1
532 Q0 17246 1
532 Q0 28073 1
532 Q0 78205 1
533 Q0 22122 1
533 Q0 33240 1
533 Q0 53591 1
533 Q0 6739 1
533 Q0 94979 1
534 Q0 13228 1
534 Q0 42249 1
534 Q0 45728 1
534 Q0 64883 1
534 Q0 75843 1
534 Q0 83564 1
535 Q0 17028 1
535 Q0 39068 1
535 Q0 60046 1
535 Q0 70097 1
537 Q0 30018 1
537 Q0 32366 1
537 Q0 56292 1
537 Q0 93941 1
538 Q0 57138 1
538 Q0 64871 1
538 Q0 92218 1
538 Q0 96983 1
539 Q0 13911 1
539 Q0 51764 1
539 Q0 62962 1
539 Q0 66261 1
539 Q0 67192 1
539 Q0 95939 1
540 Q0 23400 1
540 Q0 51722 1
540 Q0 63604 1
540 Q0 66442 1
540 Q0 74403 1
540 Q0 82404 1
540 Q0 88875 1
542 Q0 30575 1
542 Q0 3752 1
542 Q0 4615 1
542 Q0 58280 1
542 Q0 72257 1
542 Q0 96229 1
543 Q0 42362 1
543 Q0 46030 1
544 Q0 17057 1
544 Q0 31422 1
544 Q0 56419 1
544 Q0 81642 1
546 Q0 38231 1
546 Q0 4975 1
546 Q0 59167 1
546 Q0 84118 1
546 Q0 84585 1
548 Q0 11704 1
548 Q0 30943 1
548 Q0 36833 1
548 Q0 37734 1
548 Q0 43760 1
548 Q0 52032 1
548 Q0 58539 1
548 Q0 96108 1
549 Q0 21630 1
549 Q0 74667 1
550 Q0 30614 1
550 Q0 72706 1
550 Q0 96816 1
551 Q0 11028 1
551 Q0 17810 1
551 Q0 20776 1
551 Q0 34061 1
551 Q0 43960 1
551 Q0 7220 1
551 Q0 83224 1
551 Q0 95533 1
552 Q0 91738 1
553 Q0 42392 1
555 Q0 17959 1
555 Q0 23031 1
555 Q0 27757 1
555 Q0 42560 1
555 Q0 7247 1
555 Q0 9454 1
556 Q0 50715 1
558 Q0 15756 1
558 Q0 20026 1
558 Q0 69043 1
560 Q0 10385 1
560 Q0 27007 1
560 Q0 96157 1
561 Q0 86444 1
562 Q0 40672 1
562 Q0 94790 1
257 Q0 17237 1
257 Q0 33523 1
261 Q0 28761 1
262 Q0 63409 1
263 Q0 51238 1
263 Q0 69687 1
264 Q0 33245 1
264 Q0 63277 1
265 Q0 9660 1
266 Q0 84916 1
267 Q0 127 1
267 Q0 39664 1
267 Q0 42253 1
268 Q0 18645 1
268 Q0 23014 1
268 Q0 41097 1
268 Q0 48546 1
268 Q0 7388 1
268 Q0 77175 1
268 Q0 79825 1
268 Q0 9984 1
270 Q0 277 1
270 Q0 86578 1
275 Q0 1845 1
275 Q0 44812 1
275 Q0 66322 1
275 Q0 70632 1
275 Q0 71771 1
276 Q0 2241 1
276 Q0 74101 1
276 Q0 87377 1
278 Q0 6721 1
278 Q0 69795 1
278 Q0 81948 1
279 Q0 88828 1
279 Q0 90327 1
280 Q0 22352 1
280 Q0 60234 1
282 Q0 45388 1
283 Q0 55819 1
283 Q0 64640 1
284 Q0 37162 1
284 Q0 56632 1
284 Q0 5890 1
284 Q0 60019 1
284 Q0 76711 1
284 Q0 87567 1
285 Q0 26507 1
285 Q0 72366 1
285 Q0 8720 1
285 Q0 9606 1
286 Q0 49426 1
286 Q0 85107 1
287 Q0 85242 1
288 Q0 87782 1
289 Q0 23585 1
289 Q0 40897 1
289 Q0 47650 1
291 Q0 3748 1
291 Q0 38712 1
291 Q0 70545 1
291 Q0 93208 1
293 Q0 11162 1
293 Q0 80395 1
293 Q0 80442 1
294 Q0 37523 1
294 Q0 55751 1
294 Q0 7126 1
294 Q0 96213 1
295 Q0 25661 1
295 Q0 44116 1
295 Q0 54242 1
295 Q0 54614 1
297 Q0 82360 1
297 Q0 98749 1
298 Q0 28663 1
298 Q0 37873 1
298 Q0 40901 1
298 Q0 51962 1
298 Q0 71221 1
298 Q0 79377 1
298 Q0 91222 1
299 Q0 10230 1
299 Q0 22057 1
299 Q0 6342 1
299 Q0 64490 1
299 Q0 6614 1
299 Q0 7958 1
299 Q0 95218 1
299 Q0 97387 1
301 Q0 33448 1
301 Q0 45331 1
301 Q0 64030 1
301 Q0 85031 1
301 Q0 90657 1
303 Q0 10093 1
303 Q0 22032 1
303 Q0 71760 1
303 Q0 87072 1
303 Q0 99217 1
304 Q0 26243 1
304 Q0 60631 1
304 Q0 82824 1
305 Q0 12209 1
305 Q0 33512 1
305 Q0 34576 1
305 Q0 37356 1
305 Q0 4866 1
308 Q0 15409 1
308 Q0 43174 1
308 Q0 62787 1
308 Q0 78001 1
308 Q0 81973 1
308 Q0 83572 1
308 Q0 91979 1
309 Q0 75064 1
310 Q0 16347 1
310 Q0 41815 1
311 Q0 14444 1
311 Q0 48200 1
314 Q0 28835 1
314 Q0 39424 1
314 Q0 63586 1
315 Q0 30687 1
317 Q0 10780 1
317 Q0 63819 1
319 Q0 41926 1
320 Q0 33879 1
322 Q0 46410 1
322 Q0 46495 1
322 Q0 63052 1
323 Q0 43398 1
323 Q0 59607 1
323 Q0 77548 1
324 Q0 42885 1
324 Q0 4649 1
324 Q0 85213 1
324 Q0 93649 1
327 Q0 22693 1
327 Q0 48178 1
327 Q0 57534 1
327 Q0 66232 1
328 Q0 1429 1
328 Q0 72989 1
328 Q0 73489 1
328 Q0 79311 1
330 Q0 61149 1
330 Q0 74019 1
330 Q0 76388 1
330 Q0 77702 1
330 Q0 79565 1
330 Q0 85872 1
331 Q0 70445 1
333 Q0 88879 1
335 Q0 368 1
335 Q0 77607 1
337 Q0 50198 1
342 Q0 56147 1
347 Q0 17191 1
347 Q0 46759 1
347 Q0 56276 1
347 Q0 8392 1
349 Q0 57264 1
350 Q0 11475 1
350 Q0 16015 1
350 Q0 16622 1
350 Q0 43063 1
350 Q0 5426 1
350 Q0 58420 1
350 Q0 92612 1
351 Q0 22808 1
351 Q0 98924 1
353 Q0 26789 1
354 Q0 7093 1
356 Q0 74612 1
357 Q0 52757 1
357 Q0 55779 1
357 Q0 6689 1
357 Q0 77588 1
362 Q0 43252 1
362 Q0 60887 1
362 Q0 65225 1
362 Q0 73944 1
362 Q0 79327 1
364 Q0 47063 1
364 Q0 72848 1
41 Q0 10179 1
46 Q0 2614 1
46 Q0 3062 1
46 Q0 87642 1
46 Q0 91924 1
49 Q0 38561 1
49 Q0 55733 1
49 Q0 56537 1
49 Q0 69481 1
49 Q0 92385 1
50 Q0 6493 1
51 Q0 29230 1
51 Q0 31669 1
51 Q0 43907 1
52 Q0 19269 1
52 Q0 25580 1
52 Q0 37532 1
52 Q0 46080 1
52 Q0 5409 1
52 Q0 57982 1
52 Q0 65779 1
52 Q0 68227 1
52 Q0 83696 1
53 Q0 18119 1
53 Q0 66659 1
53 Q0 89676 1
54 Q0 35541 1
54 Q0 36969 1
54 Q0 40554 1
54 Q0 67960 1
54 Q0 73839 1
54 Q0 91728 1
55 Q0 73130 1
56 Q0 17156 1
56 Q0 51279 1
56 Q0 74377 1
58 Q0 28406 1
58 Q0 4619 1
59 Q0 31513 1
59 Q0 40845 1
59 Q0 83712 1
59 Q0 85677 1
60 Q0 15125 1
60 Q0 44056 1
60 Q0 79281 1
60 Q0 9436 1
61 Q0 53730 1
62 Q0 18500 1
62 Q0 36136 1
62 Q0 60449 1
62 Q0 70793 1
62 Q0 72281 1
62 Q0 96362 1
62 Q0 97053 1
62 Q0 98022 1
63 Q0 39357 1
63 Q0 80737 1
63 Q0 93368 1
64 Q0 10744 1
67 Q0 82352 1
68 Q0 30298 1
68 Q0 92010 1
69 Q0 72360 1
70 Q0 39636 1
71 Q0 10907 1
71 Q0 15985 1
71 Q0 1893 1
71 Q0 38660 1
71 Q0 94258 1
72 Q0 27372 1
72 Q0 62716 1
72 Q0 64853 1
72 Q0 8825 1
72 Q0 88504 1
72 Q0 97588 1
74 Q0 72667 1
563 Q0 43686 1
563 Q0 59165 1
563 Q0 96216 1
568 Q0 17487 1
568 Q0 72844 1
568 Q0 96982 1
569 Q0 55065 1
570 Q0 1433 1
570 Q0 16830 1
570 Q0 28429 1
570 Q0 48081 1
570 Q0 59655 1
570 Q0 80507 1
571 Q0 19515 1
571 Q0 71591 1
571 Q0 77648 1
571 Q0 94585 1
572 Q0 36603 1
572 Q0 60971 1
572 Q0 66105 1
575 Q0 28343 1
576 Q0 42114 1
576 Q0 79997 1
577 Q0 27374 1
577 Q0 74604 1
579 Q0 12761 1
580 Q0 10836 1
580 Q0 35134 1
580 Q0 73919 1
581 Q0 80624 1
582 Q0 74180 1
583 Q0 85177 1
584 Q0 11056 1
584 Q0 60695 1
587 Q0 85723 1
588 Q0 17210 1
590 Q0 20880 1
590 Q0 61135 1
591 Q0 17924 1
591 Q0 37403 1
591 Q0 86424 1
591 Q0 91296 1
592 Q0 4813 1
593 Q0 64506 1
594 Q0 9628 1
595 Q0 13364 1
595 Q0 21049 1
595 Q0 27325 1
595 Q0 34316 1
595 Q0 71736 1
596 Q0 23829 1
598 Q0 20111 1
598 Q0 52868 1
598 Q0 87834 1
598 Q0 88838 1
599 Q0 40763 1
599 Q0 887 1
600 Q0 33350 1
600 Q0 47453 1
601 Q0 27840 1
601 Q0 41173 1
601 Q0 44168 1
601 Q0 66307 1
601 Q0 66426 1
601 Q0 94946 1
602 Q0 10659 1
602 Q0 16178 1
602 Q0 26766 1
602 Q0 55283 1
602 Q0 5619 1
602 Q0 5990 1
602 Q0 9494 1
603 Q0 29636 1
603 Q0 63174 1
603 Q0 86682 1
605 Q0 47140 1
607 Q0 66885 1
610 Q0 20024 1
610 Q0 23566 1
610 Q0 34415 1
611 Q0 25113 1
614 Q0 69505 1
618 Q0 79680 1
619 Q0 10137 1
619 Q0 45652 1
619 Q0 74406 1
619 Q0 74479 1
619 Q0 76393 1
620 Q0 51799 1
620 Q0 58869 1
621 Q0 13173 1
621 Q0 23063 1
621 Q0 27493 1
621 Q0 55269 1
621 Q0 67532 1
621 Q0 98199 1
624 Q0 67367 1
625 Q0 23833 1
625 Q0 6235 1
627 Q0 22294 1
628 Q0 4257 1
628 Q0 48195 1
628 Q0 4965 1
628 Q0 58431 1
628 Q0 93131 1
629 Q0 16548 1
629 Q0 61902 1
630 Q0 51364 1
630 Q0 53800 1
630 Q0 58222 1
630 Q0 6758 1
631 Q0 36831 1
632 Q0 72814 1
633 Q0 18102 1
633 Q0 48497 1
633 Q0 90911 1
635 Q0 33399 1
636 Q0 62889 1
637 Q0 25759 1
637 Q0 4198 1
637 Q0 59922 1
638 Q0 16540 1
638 Q0 17161 1
638 Q0 47422 1
638 Q0 55484 1
638 Q0 93505 1
639 Q0 5784 1
639 Q0 58107 1
639 Q0 62478 1
642 Q0 33711 1
642 Q0 57865 1
643 Q0 59631 1
644 Q0 15808 1
645 Q0 28183 1
650 Q0 26086 1
651 Q0 53485 1
651 Q0 61958 1
651 Q0 8442 1
651 Q0 90246 1
651 Q0 98083 1
652 Q0 20828 1
652 Q0 29832 1
652 Q0 53560 1
652 Q0 8197 1
653 Q0 42955 1
655 Q0 71127 1
661 Q0 17046 1
661 Q0 19286 1
661 Q0 29104 1
661 Q0 3747 1
661 Q0 77279 1
661 Q0 799 1
661 Q0 95180 1
662 Q0 7892 1
664 Q0 46389 1
664 Q0 5719 1
664 Q0 72871 1
665 Q0 59352 1
665 Q0 82104 1
666 Q0 15684 1
666 Q0 23285 1
666 Q0 67503 1
666 Q0 73671 1
666 Q0 9194 1
669 Q0 1406 1
669 Q0 17034 1
669 Q0 45629 1
669 Q0 48442 1
669 Q0 56843 1
670 Q0 63358 1
1174 Q0 21511 1
1174 Q0 24448 1
1174 Q0 624 1
1174 Q0 65416 1
1174 Q0 7478 1
1174 Q0 75365 1
1174 Q0 79476 1
1174 Q0 83942 1
1174 Q0 99993 1
1176 Q0 45793 1
1176 Q0 9196 1
1176 Q0 95871 1
1176 Q0 99464 1
1177 Q0 14489 1
1177 Q0 16691 1
1177 Q0 80341 1
1177 Q0 90278 1
1179 Q0 11859 1
1179 Q0 26778 1
1179 Q0 35599 1
1179 Q0 55864 1
1179 Q0 64402 1
1179 Q0 78420 1
1182 Q0 29567 1
1182 Q0 31750 1
1182 Q0 50596 1
1182 Q0 63265 1
1182 Q0 64544 1
1182 Q0 66607 1
1182 Q0 88239 1
1182 Q0 90994 1
1182 Q0 95155 1
1184 Q0 32348 1
1184 Q0 47385 1
1184 Q0 73192 1
1184 Q0 75562 1
1184 Q0 82762 1
1184 Q0 89637 1
1185 Q0 58097 1
1187 Q0 17532 1
1187 Q0 82588 1
1188 Q0 41545 1
1188 Q0 73991 1
1188 Q0 75655 1
1188 Q0 90842 1
1190 Q0 27854 1
1190 Q0 45299 1
1190 Q0 7212 1
1190 Q0 75003 1
1190 Q0 9626 1
1191 Q0 26287 1
1191 Q0 29784 1
1191 Q0 47424 1
1191 Q0 95397 1
1192 Q0 15745 1
1192 Q0 43713 1
1192 Q0 84822 1
1193 Q0 17463 1
1193 Q0 25822 1
1193 Q0 25856 1
1193 Q0 56272 1
1193 Q0 63423 1
1193 Q0 65534 1
1193 Q0 69246 1
1194 Q0 1912 1
1194 Q0 27365 1
1194 Q0 58779 1
1194 Q0 61619 1
1194 Q0 70421 1
1194 Q0 80357 1
1194 Q0 9617 1
1195 Q0 13919 1
1195 Q0 27736 1
1195 Q0 3574 1
1195 Q0 40309 1
1195 Q0 49108 1
1195 Q0 61113 1
1195 Q0 98031 1
1196 Q0 1863 1
1196 Q0 34869 1
1196 Q0 5952 1
1198 Q0 52435 1
1198 Q0 73071 1
1198 Q0 83077 1
1198 Q0 90983 1
1200 Q0 16104 1
1200 Q0 39530 1
1200 Q0 43062 1
1200 Q0 65040 1
1200 Q0 90449 1
1201 Q0 26249 1
1201 Q0 35047 1
1201 Q0 81694 1
1203 Q0 28130 1
1203 Q0 37838 1
1204 Q0 26540 1
1204 Q0 33229 1
1204 Q0 45904 1
1206 Q0 7581 1
1207 Q0 17736 1
1207 Q0 61342 1
1207 Q0 80712 1
1207 Q0 86392 1
1207 Q0 9269 1
1208 Q0 99079 1
1209 Q0 1288 1
1209 Q0 57754 1
1209 Q0 58620 1
1209 Q0 69713 1
1209 Q0 7144 1
1209 Q0 90229 1
1210 Q0 23629 1
1210 Q0 24533 1
1210 Q0 56992 1
1210 Q0 63724 1
1210 Q0 98374 1
1211 Q0 26826 1
1211 Q0 50724 1
1211 Q0 52367 1
1211 Q0 54897 1
1212 Q0 32778 1
1212 Q0 65045 1
1212 Q0 82735 1
1213 Q0 23183 1
1213 Q0 26290 1
1213 Q0 33282 1
1213 Q0 3930 1
1213 Q0 48565 1
1214 Q0 2945 1
1214 Q0 41071 1
1214 Q0 7433 1
1215 Q0 11987 1
1215 Q0 15924 1
1215 Q0 18644 1
1215 Q0 3915 1
1215 Q0 39619 1
1215 Q0 7895 1
1216 Q0 21964 1
1216 Q0 24176 1
1216 Q0 41119 1
1216 Q0 8228 1
1216 Q0 87885 1
1217 Q0 16640 1
1217 Q0 23769 1
1217 Q0 33408 1
1217 Q0 40041 1
1217 Q0 40894 1
1217 Q0 5398 1
1217 Q0 87544 1
1217 Q0 88826 1
1218 Q0 23372 1
1218 Q0 35706 1
1218 Q0 66538 1
1219 Q0 13006 1
1219 Q0 20125 1
1219 Q0 40166 1
1219 Q0 43415 1
1219 Q0 4877 1
1219 Q0 50173 1
1219 Q0 93545 1
1219 Q0 98661 1
1220 Q0 15716 1
1220 Q0 2558 1
1220 Q0 43209 1
1220 Q0 46015 1
1220 Q0 85910 1
1221 Q0 14507 1
1221 Q0 46544 1
1221 Q0 89342 1
1221 Q0 93140 1
1222 Q0 2825 1
1222 Q0 40373 1
1222 Q0 55998 1
1223 Q0 10149 1
1223 Q0 19804 1
1223 Q0 58669 1
1223 Q0 70251 1
1223 Q0 74855 1
1224 Q0 30770 1
1224 Q0 45206 1
1224 Q0 66589 1
1224 Q0 72114 1
1224 Q0 86160 1
1225 Q0 19143 1
1225 Q0 31007 1
1225 Q0 68414 1
1225 Q0 68549 1
1225 Q0 93359 1
1226 Q0 18216 1
1226 Q0 66144 1
1226 Q0 95924 1
1227 Q0 17043 1
1227 Q0 25768 1
1227 Q0 26173 1
1227 Q0 58687 1
1227 Q0 68914 1
1227 Q0 83874 1
1228 Q0 25802 1
1228 Q0 33568 1
1228 Q0 44107 1
1228 Q0 48291 1
1228 Q0 78137 1
1228 Q0 87726 1
1230 Q0 98819 1
1231 Q0 50204 1
1231 Q0 6529 1
1232 Q0 11500 1
1232 Q0 25585 1
1232 Q0 40392 1
1232 Q0 46523 1
1232 Q0 91600 1
1233 Q0 30802 1
1233 Q0 37466 1
1233 Q0 7214 1
1233 Q0 78167 1
1233 Q0 9865 1
1234 Q0 1357 1
1234 Q0 19739 1
1235 Q0 17054 1
1235 Q0 37746 1
1235 Q0 44448 1
1235 Q0 81022 1
1236 Q0 11134 1
1236 Q0 1984 1
1236 Q0 26056 1
1236 Q0 4509 1
1236 Q0 57147 1
1236 Q0 73049 1
1236 Q0 77559 1
1237 Q0 15631 1
1237 Q0 22878 1
1237 Q0 29583 1
1237 Q0 31349 1
1237 Q0 35932 1
1238 Q0 4444 1
1239 Q0 34557 1
1239 Q0 59886 1
1239 Q0 60995 1
1239 Q0 7108 1
1239 Q0 78318 1
1239 Q0 81986 1
1239 Q0 94312 1
1240 Q0 27544 1
1240 Q0 60569 1
1240 Q0 65686 1
1240 Q0 65768 1
1240 Q0 68317 1
1240 Q0 75499 1
1240 Q0 79910 1
1240 Q0 866 1
1240 Q0 92632 1
1242 Q0 54852 1
1242 Q0 81964 1
1242 Q0 85977 1
1242 Q0 91484 1
1243 Q0 70561 1
1246 Q0 38694 1
1246 Q0 47233 1
1247 Q0 43599 1
1247 Q0 84288 1
1248 Q0 16 1
1248 Q0 27996 1
1248 Q0 56506 1
1248 Q0 57134 1
1248 Q0 957 1
1249 Q0 78744 1
1250 Q0 11707 1
1250 Q0 20818 1
1250 Q0 46466 1
1250 Q0 5322 1
1250 Q0 71593 1
1252 Q0 30010 1
1252 Q0 79343 1
1253 Q0 46338 1
1253 Q0 55962 1
1253 Q0 61008 1
1253 Q0 79619 1
1253 Q0 81417 1
1253 Q0 82503 1
1253 Q0 90680 1
1253 Q0 9712 1
1254 Q0 5110 1
1254 Q0 76280 1
1254 Q0 86817 1
1257 Q0 86876 1
1258 Q0 17472 1
1258 Q0 21313 1
1258 Q0 47165 1
1259 Q0 18646 1
1259 Q0 44327 1
1259 Q0 62322 1
1260 Q0 28276 1
1260 Q0 29953 1
1260 Q0 30600 1
1260 Q0 39792 1
1260 Q0 73595 1
1260 Q0 77562 1
1260 Q0 9070 1
1262 Q0 25654 1
1262 Q0 71659 1
1262 Q0 84371 1
1262 Q0 90027 1
1263 Q0 82555 1
1263 Q0 85200 1
1264 Q0 28287 1
1265 Q0 38782 1
1265 Q0 42460 1
1265 Q0 54625 1
1265 Q0 56024 1
1265 Q0 81828 1
1265 Q0 82100 1
1266 Q0 37543 1
1266 Q0 9177 1
876 Q0 74540 1
882 Q0 83936 1
882 Q0 87273 1
882 Q0 88793 1
883 Q0 19617 1
883 Q0 52727 1
883 Q0 63955 1
883 Q0 64150 1
883 Q0 70585 1
883 Q0 84238 1
883 Q0 92163 1
883 Q0 94607 1
884 Q0 31419 1
885 Q0 39024 1
885 Q0 82031 1
886 Q0 15881 1
886 Q0 29341 1
886 Q0 43857 1
886 Q0 46249 1
886 Q0 81173 1
886 Q0 96049 1
887 Q0 16862 1
887 Q0 50361 1
893 Q0 10788 1
893 Q0 71412 1
894 Q0 64485 1
894 Q0 70281 1
894 Q0 78738 1
894 Q0 89533 1
895 Q0 44808 1
895 Q0 69704 1
895 Q0 74582 1
896 Q0 19040 1
896 Q0 26851 1
896 Q0 36904 1
896 Q0 42343 1
896 Q0 72485 1
896 Q0 83328 1
897 Q0 42806 1
898 Q0 52161 1
899 Q0 21525 1
899 Q0 55337 1
899 Q0 69192 1
899 Q0 81332 1
904 Q0 52456 1
904 Q0 65798 1
905 Q0 17827 1
905 Q0 47999 1
905 Q0 58195 1
906 Q0 3986 1
906 Q0 56461 1
907 Q0 12090 1
907 Q0 20424 1
907 Q0 21832 1
907 Q0 38073 1
909 Q0 30548 1
910 Q0 65797 1
910 Q0 65949 1
912 Q0 33637 1
915 Q0 34909 1
915 Q0 76616 1
915 Q0 96655 1
916 Q0 43341 1
916 Q0 69548 1
919 Q0 1563 1
919 Q0 40769 1
919 Q0 85652 1
920 Q0 31518 1
920 Q0 438 1
920 Q0 78026 1
920 Q0 89222 1
920 Q0 94643 1
921 Q0 78481 1
921 Q0 91501 1
921 Q0 99695 1
922 Q0 136 1
922 Q0 58814 1
923 Q0 35607 1
923 Q0 45509 1
923 Q0 46640 1
923 Q0 58265 1
923 Q0 69461 1
925 Q0 12022 1
925 Q0 32691 1
925 Q0 85168 1
925 Q0 92666 1
926 Q0 44134 1
927 Q0 2182 1
927 Q0 25457 1
927 Q0 29855 1
927 Q0 37932 1
927 Q0 44772 1
928 Q0 86840 1
930 Q0 27330 1
932 Q0 30088 1
932 Q0 39555 1
932 Q0 44749 1
932 Q0 67235 1
934 Q0 11480 1
934 Q0 8076 1
936 Q0 15860 1
936 Q0 33773 1
941 Q0 10448 1
941 Q0 50035 1
942 Q0 82209 1
942 Q0 86898 1
943 Q0 24726 1
943 Q0 82803 1
943 Q0 84942 1
944 Q0 76644 1
946 Q0 12992 1
946 Q0 73769 1
946 Q0 7689 1
946 Q0 79007 1
946 Q0 89549 1
947 Q0 25276 1
947 Q0 55732 1
947 Q0 59213 1
947 Q0 82171 1
947 Q0 95330 1
948 Q0 52952 1
950 Q0 11516 1
950 Q0 11844 1
950 Q0 28106 1
950 Q0 4998 1
950 Q0 64497 1
950 Q0 64956 1
951 Q0 11400 1
951 Q0 41744 1
951 Q0 70894 1
952 Q0 1600 1
959 Q0 78611 1
959 Q0 86910 1
960 Q0 21800 1
961 Q0 26612 1
961 Q0 30895 1
961 Q0 34989 1
961 Q0 903 1
961 Q0 99366 1
962 Q0 33026 1
963 Q0 56120 1
966 Q0 17196 1
966 Q0 22518 1
966 Q0 52450 1
966 Q0 70683 1
966 Q0 80078 1
966 Q0 99085 1
968 Q0 45335 1
969 Q0 31449 1
969 Q0 84188 1
970 Q0 15905 1
970 Q0 37047 1
970 Q0 90496 1
971 Q0 95857 1
972 Q0 26890 1
972 Q0 31706 1
972 Q0 35014 1
972 Q0 37569 1
972 Q0 37663 1
972 Q0 53051 1
972 Q0 634 1
972 Q0 93038 1
976 Q0 70977 1
978 Q0 34542 1
979 Q0 24904 1
979 Q0 27129 1
979 Q0 37720 1
979 Q0 79241 1
979 Q0 83774 1
671 Q0 97832 1
672 Q0 68496 1
672 Q0 71270 1
672 Q0 78348 1
673 Q0 85908 1
673 Q0 87409 1
673 Q0 93787 1
674 Q0 16612 1
674 Q0 33747 1
674 Q0 6481 1
674 Q0 79790 1
675 Q0 11137 1
675 Q0 64677 1
675 Q0 70407 1
675 Q0 73452 1
678 Q0 24381 1
679 Q0 64746 1
679 Q0 70298 1
681 Q0 12462 1
681 Q0 71570 1
681 Q0 79836 1
681 Q0 8935 1
682 Q0 30159 1
682 Q0 58939 1
684 Q0 2430 1
684 Q0 98113 1
685 Q0 42473 1
685 Q0 45183 1
685 Q0 46992 1
685 Q0 66089 1
685 Q0 91102 1
686 Q0 13328 1
686 Q0 36807 1
686 Q0 37193 1
688 Q0 90302 1
689 Q0 13748 1
689 Q0 17758 1
689 Q0 35577 1
689 Q0 60594 1
689 Q0 64511 1
689 Q0 91019 1
692 Q0 71306 1
694 Q0 16065 1
694 Q0 35739 1
694 Q0 63201 1
695 Q0 48560 1
695 Q0 99431 1
696 Q0 18616 1
696 Q0 22257 1
696 Q0 29022 1
696 Q0 31380 1
696 Q0 5186 1
700 Q0 35635 1
700 Q0 51630 1
700 Q0 58893 1
700 Q0 73054 1
701 Q0 26361 1
702 Q0 11896 1
702 Q0 3898 1
702 Q0 41524 1
702 Q0 46430 1
703 Q0 13344 1
703 Q0 31619 1
703 Q0 32059 1
703 Q0 53237 1
706 Q0 83754 1
707 Q0 41242 1
707 Q0 92286 1
708 Q0 16204 1
709 Q0 1072 1
710 Q0 65597 1
711 Q0 71104 1
712 Q0 51104 1
712 Q0 83150 1
713 Q0 69018 1
714 Q0 38859 1
715 Q0 86251 1
716 Q0 14752 1
716 Q0 50007 1
717 Q0 22708 1
717 Q0 28788 1
717 Q0 47477 1
717 Q0 59558 1
717 Q0 75799 1
718 Q0 60723 1
718 Q0 64801 1
718 Q0 86904 1
719 Q0 25143 1
719 Q0 41017 1
719 Q0 41265 1
719 Q0 41333 1
719 Q0 71581 1
719 Q0 89536 1
719 Q0 90026 1
720 Q0 4846 1
720 Q0 86136 1
722 Q0 22472 1
722 Q0 4147 1
722 Q0 76074 1
722 Q0 76769 1
722 Q0 84165 1
722 Q0 89912 1
723 Q0 45859 1
723 Q0 46205 1
724 Q0 14719 1
724 Q0 19827 1
724 Q0 30739 1
724 Q0 46781 1
724 Q0 5974 1
724 Q0 69945 1
725 Q0 30641 1
725 Q0 45193 1
725 Q0 98102 1
726 Q0 22885 1
726 Q0 32273 1
726 Q0 45601 1
726 Q0 95825 1
728 Q0 14284 1
728 Q0 60952 1
729 Q0 25328 1
729 Q0 40650 1
729 Q0 68909 1
729 Q0 76353 1
730 Q0 66570 1
731 Q0 11504 1
731 Q0 56372 1
731 Q0 65160 1
731 Q0 83322 1
732 Q0 2557 1
732 Q0 83654 1
734 Q0 16158 1
734 Q0 83651 1
735 Q0 47581 1
737 Q0 22731 1
737 Q0 24591 1
737 Q0 86532 1
737 Q0 93766 1
738 Q0 48157 1
738 Q0 51566 1
738 Q0 58416 1
739 Q0 29239 1
739 Q0 50610 1
739 Q0 54844 1
739 Q0 67956 1
739 Q0 71360 1
739 Q0 99299 1
741 Q0 48471 1
742 Q0 7866 1
744 Q0 91283 1
745 Q0 10888 1
745 Q0 84888 1
745 Q0 95021 1
746 Q0 58869 1
747 Q0 36701 1
749 Q0 85308 1
751 Q0 15523 1
751 Q0 43853 1
751 Q0 47641 1
753 Q0 17627 1
753 Q0 28994 1
753 Q0 30443 1
753 Q0 3712 1
753 Q0 53330 1
753 Q0 91844 1
754 Q0 64533 1
756 Q0 90851 1
757 Q0 26170 1
757 Q0 48680 1
757 Q0 79348 1
758 Q0 70589 1
758 Q0 77992 1
759 Q0 14535 1
759 Q0 26866 1
759 Q0 28248 1
759 Q0 32846 1
759 Q0 38729 1
759 Q0 88457 1
760 Q0 39264 1
760 Q0 54470 1
760 Q0 86643 1
761 Q0 12217 1
763 Q0 96139 1
764 Q0 55132 1
764 Q0 79541 1
764 Q0 79835 1
768 Q0 16239 1
768 Q0 23119 1
768 Q0 29780 1
768 Q0 8123 1
768 Q0 86047 1
768 Q0 86809 1
768 Q0 93117 1
768 Q0 95906 1
177 Q0 86072 1
178 Q0 22484 1
179 Q0 61259 1
179 Q0 63053 1
179 Q0 96874 1
180 Q0 21890 1
180 Q0 91108 1
181 Q0 42625 1
183 Q0 61245 1
184 Q0 100177 1
186 Q0 22411 1
186 Q0 2855 1
186 Q0 3079 1
186 Q0 39978 1
190 Q0 33030 1
190 Q0 34780 1
190 Q0 39126 1
190 Q0 4427 1
190 Q0 56740 1
190 Q0 66315 1
190 Q0 66967 1
190 Q0 7855 1
190 Q0 81955 1
191 Q0 28646 1
191 Q0 48963 1
191 Q0 74394 1
191 Q0 80098 1
191 Q0 85951 1
191 Q0 86746 1
192 Q0 28405 1
192 Q0 76677 1
193 Q0 1601 1
194 Q0 89152 1
196 Q0 30654 1
196 Q0 53491 1
196 Q0 8461 1
199 Q0 52132 1
199 Q0 62444 1
199 Q0 87398 1
200 Q0 62372 1
201 Q0 28867 1
202 Q0 39099 1
202 Q0 92534 1
202 Q0 97743 1
203 Q0 46563 1
205 Q0 15871 1
206 Q0 22544 1
206 Q0 37793 1
206 Q0 62316 1
206 Q0 80093 1
206 Q0 83038 1
206 Q0 9861 1
116 Q0 84901 1
119 Q0 1486 1
120 Q0 37015 1
121 Q0 10877 1
121 Q0 20987 1
121 Q0 31750 1
121 Q0 38862 1
121 Q0 51841 1
121 Q0 79611 1
122 Q0 78312 1
124 Q0 9826 1
125 Q0 15897 1
125 Q0 21351 1
125 Q0 42038 1
125 Q0 42588 1
125 Q0 70708 1
125 Q0 79198 1
125 Q0 80978 1
126 Q0 41002 1
126 Q0 55238 1
127 Q0 8508 1
128 Q0 15260 1
128 Q0 39325 1
128 Q0 50414 1
130 Q0 52717 1
131 Q0 49951 1
131 Q0 53729 1
131 Q0 63460 1
131 Q0 94558 1
131 Q0 96500 1
132 Q0 15340 1
132 Q0 86385 1
134 Q0 32892 1
134 Q0 81576 1
138 Q0 34526 1
138 Q0 40148 1
138 Q0 46998 1
138 Q0 55541 1
138 Q0 59397 1
140 Q0 12493 1
140 Q0 8471 1
1076 Q0 59349 1
1076 Q0 64767 1
1076 Q0 72891 1
1076 Q0 95950 1
1077 Q0 5801 1
1077 Q0 71694 1
1077 Q0 97915 1
1078 Q0 479 1
1079 Q0 82007 1
1079 Q0 94436 1
1081 Q0 24023 1
1081 Q0 60958 1
1081 Q0 67499 1
1081 Q0 69288 1
1081 Q0 93475 1
1082 Q0 57129 1
1082 Q0 63976 1
1082 Q0 85781 1
1083 Q0 26834 1
1083 Q0 46540 1
1085 Q0 75439 1
1089 Q0 86834 1
1090 Q0 74013 1
1091 Q0 16059 1
1091 Q0 69058 1
1091 Q0 71114 1
1091 Q0 81797 1
1091 Q0 9402 1
1092 Q0 49825 1
1093 Q0 34407 1
1093 Q0 36200 1
1093 Q0 62349 1
1093 Q0 91074 1
1094 Q0 23800 1
1094 Q0 73209 1
1095 Q0 1918 1
1095 Q0 40168 1
1095 Q0 45940 1
1095 Q0 4652 1
1095 Q0 46986 1
1095 Q0 69395 1
1095 Q0 74320 1
1095 Q0 96945 1
1096 Q0 26931 1
1097 Q0 100178 1
1097 Q0 42693 1
1098 Q0 10599 1
1098 Q0 11945 1
1098 Q0 1238 1
1098 Q0 45219 1
1098 Q0 48167 1
1098 Q0 74692 1
1098 Q0 93469 1
1099 Q0 33087 1
1099 Q0 35052 1
1099 Q0 69388 1
1101 Q0 70468 1
1101 Q0 78693 1
1103 Q0 32740 1
1103 Q0 35044 1
1103 Q0 53806 1
1103 Q0 58975 1
1103 Q0 77107 1
1105 Q0 24606 1
1105 Q0 37608 1
1105 Q0 37890 1
1105 Q0 40923 1
1105 Q0 64082 1
1106 Q0 31161 1
1106 Q0 52809 1
1106 Q0 80896 1
1107 Q0 1498 1
1108 Q0 12150 1
1108 Q0 48590 1
1108 Q0 58935 1
1110 Q0 49849 1
1111 Q0 41645 1
1111 Q0 96468 1
1111 Q0 97206 1
1115 Q0 17478 1
1115 Q0 27358 1
1115 Q0 33780 1
1115 Q0 85950 1
1117 Q0 23709 1
1117 Q0 72409 1
1118 Q0 65663 1
1118 Q0 66376 1
1118 Q0 87304 1
1118 Q0 97901 1
1119 Q0 26659 1
1119 Q0 49305 1
1119 Q0 6578 1
1121 Q0 25853 1
1121 Q0 44797 1
1121 Q0 57262 1
1122 Q0 40600 1
1122 Q0 6392 1
1122 Q0 69237 1
1122 Q0 73129 1
1122 Q0 73639 1
1122 Q0 74532 1
1124 Q0 11400 1
1124 Q0 31253 1
1124 Q0 35746 1
1124 Q0 61203 1
1124 Q0 70894 1
1124 Q0 73569 1
1124 Q0 93955 1
1126 Q0 19393 1
1126 Q0 38105 1
1126 Q0 43779 1
1127 Q0 86987 1
1127 Q0 99136 1
1128 Q0 10544 1
1128 Q0 25667 1
1128 Q0 42717 1
1128 Q0 67181 1
1128 Q0 80939 1
1128 Q0 86957 1
1128 Q0 96497 1
1131 Q0 18581 1
1131 Q0 26204 1
1131 Q0 39681 1
1131 Q0 56151 1
1131 Q0 71518 1
1131 Q0 91703 1
1133 Q0 24544 1
1133 Q0 24576 1
1133 Q0 28766 1
1133 Q0 46743 1
1133 Q0 91260 1
1134 Q0 41413 1
1134 Q0 57077 1
1134 Q0 63037 1
1134 Q0 70887 1
1134 Q0 77411 1
1134 Q0 84113 1
1134 Q0 91064 1
1135 Q0 29000 1
1135 Q0 40351 1
1135 Q0 4117 1
1138 Q0 16916 1
1138 Q0 19563 1
1138 Q0 39087 1
1139 Q0 5986 1
1141 Q0 66994 1
1142 Q0 12787 1
1142 Q0 844 1
1142 Q0 92256 1
1144 Q0 80097 1
1147 Q0 35744 1
1147 Q0 42404 1
1147 Q0 43347 1
1147 Q0 72658 1
1148 Q0 8373 1
1149 Q0 26524 1
1149 Q0 7303 1
1150 Q0 20701 1
1150 Q0 40548 1
1152 Q0 40460 1
1153 Q0 24779 1
1153 Q0 3406 1
1153 Q0 53356 1
1153 Q0 73540 1
1153 Q0 95689 1
1155 Q0 20784 1
1155 Q0 26684 1
1155 Q0 62625 1
1158 Q0 17382 1
1158 Q0 29241 1
1158 Q0 51117 1
1158 Q0 68295 1
1158 Q0 76094 1
1158 Q0 92348 1
1161 Q0 56035 1
1161 Q0 81687 1
1161 Q0 93619 1
1162 Q0 4792 1
1162 Q0 64868 1
1162 Q0 97196 1
1163 Q0 5024 1
1164 Q0 64508 1
1164 Q0 74362 1
1167 Q0 1992 1
1167 Q0 3720 1
1167 Q0 57923 1
1167 Q0 6356 1
1169 Q0 33818 1
1169 Q0 60774 1
1169 Q0 78984 1
1172 Q0 2661 1
1172 Q0 52392 1
1172 Q0 56183 1
1172 Q0 80851 1
1172 Q0 84742 1
1172 Q0 97013 1
78 Q0 79276 1
79 Q0 18663 1
81 Q0 20704 1
81 Q0 72631 1
82 Q0 56828 1
83 Q0 39837 1
85 Q0 31206 1
86 Q0 39935 1
87 Q0 25364 1
88 Q0 14811 1
89 Q0 88377 1
90 Q0 21966 1
90 Q0 57987 1
92 Q0 16130 1
92 Q0 4587 1
93 Q0 1620 1
93 Q0 88663 1
95 Q0 40969 1
95 Q0 60658 1
95 Q0 72044 1
96 Q0 74660 1
97 Q0 10051 1
98 Q0 91543 1
100 Q0 15367 1
100 Q0 76777 1
102 Q0 8831 1
103 Q0 74769 1
105 Q0 45517 1
106 Q0 29579 1
106 Q0 64049 1
107 Q0 42855 1
109 Q0 79241 1
110 Q0 18432 1
110 Q0 63225 1
111 Q0 26544 1
111 Q0 76586 1
113 Q0 74817 1
366 Q0 35335 1
366 Q0 53046 1
366 Q0 53446 1
366 Q0 57191 1
366 Q0 74693 1
366 Q0 80201 1
366 Q0 93765 1
367 Q0 10873 1
367 Q0 13349 1
367 Q0 79069 1
367 Q0 82766 1
370 Q0 15800 1
370 Q0 18535 1
370 Q0 40026 1
371 Q0 27373 1
371 Q0 41740 1
371 Q0 67495 1
372 Q0 4435 1
372 Q0 82650 1
372 Q0 95322 1
376 Q0 17342 1
377 Q0 74712 1
380 Q0 20711 1
383 Q0 29580 1
384 Q0 47349 1
384 Q0 54157 1
387 Q0 5266 1
389 Q0 16380 1
389 Q0 70025 1
389 Q0 82850 1
389 Q0 92024 1
390 Q0 20259 1
390 Q0 26255 1
390 Q0 3282 1
391 Q0 22666 1
391 Q0 40779 1
391 Q0 79255 1
392 Q0 5470 1
393 Q0 39308 1
393 Q0 60336 1
394 Q0 65176 1
394 Q0 99722 1
395 Q0 14028 1
395 Q0 27290 1
396 Q0 76944 1
397 Q0 50768 1
401 Q0 48838 1
401 Q0 66091 1
402 Q0 20622 1
402 Q0 22647 1
402 Q0 55889 1
403 Q0 19204 1
403 Q0 44768 1
403 Q0 81299 1
405 Q0 13467 1
405 Q0 25088 1
405 Q0 76611 1
405 Q0 97419 1
406 Q0 17394 1
406 Q0 18490 1
406 Q0 70566 1
408 Q0 24061 1
409 Q0 4170 1
409 Q0 62471 1
410 Q0 20131 1
411 Q0 75206 1
413 Q0 22962 1
413 Q0 45359 1
413 Q0 664 1
413 Q0 67630 1
413 Q0 71134 1
413 Q0 73866 1
413 Q0 94430 1
413 Q0 99046 1
414 Q0 88174 1
414 Q0 92856 1
416 Q0 49027 1
416 Q0 96700 1
417 Q0 17369 1
417 Q0 23599 1
418 Q0 1001 1
418 Q0 4834 1
418 Q0 65035 1
418 Q0 68271 1
420 Q0 36645 1
421 Q0 10088 1
421 Q0 2476 1
421 Q0 75121 1
422 Q0 11055 1
422 Q0 36786 1
424 Q0 16698 1
424 Q0 32939 1
424 Q0 90258 1
424 Q0 9337 1
424 Q0 98934 1
425 Q0 90081 1
426 Q0 11121 1
426 Q0 30938 1
426 Q0 61357 1
427 Q0 18334 1
427 Q0 63478 1
427 Q0 64618 1
427 Q0 69780 1
427 Q0 81954 1
428 Q0 48230 1
429 Q0 4694 1
429 Q0 47707 1
429 Q0 83336 1
432 Q0 68747 1
432 Q0 71115 1
432 Q0 78421 1
433 Q0 34097 1
433 Q0 86053 1
433 Q0 90991 1
433 Q0 92671 1
433 Q0 93320 1
434 Q0 20191 1
434 Q0 39303 1
435 Q0 48151 1
436 Q0 4390 1
436 Q0 44227 1
436 Q0 44452 1
436 Q0 55302 1
436 Q0 72035 1
438 Q0 76272 1
442 Q0 18896 1
443 Q0 45649 1
443 Q0 69683 1
443 Q0 95222 1
445 Q0 8594 1
446 Q0 11111 1
446 Q0 139 1
446 Q0 28614 1
446 Q0 40034 1
449 Q0 22130 1
449 Q0 94603 1
450 Q0 13296 1
450 Q0 20534 1
450 Q0 2900 1
450 Q0 95811 1
454 Q0 53537 1
454 Q0 62459 1
454 Q0 63918 1
454 Q0 82844 1
464 Q0 2089 1
464 Q0 6101 1
467 Q0 53858 1
149 Q0 4586 1
149 Q0 58104 1
152 Q0 64261 1
153 Q0 41740 1
154 Q0 63970 1
155 Q0 13492 1
155 Q0 34658 1
155 Q0 84487 1
155 Q0 89201 1
155 Q0 98094 1
156 Q0 19259 1
159 Q0 42101 1
160 Q0 57037 1
160 Q0 87839 1
161 Q0 72755 1
165 Q0 24156 1
165 Q0 50798 1
165 Q0 6013 1
165 Q0 69225 1
166 Q0 29061 1
166 Q0 29412 1
166 Q0 92987 1
168 Q0 2294 1
168 Q0 36922 1
168 Q0 47576 1
168 Q0 52079 1
168 Q0 66159 1
169 Q0 75334 1
169 Q0 81780 1
169 Q0 8472 1
170 Q0 28637 1
170 Q0 33125 1
170 Q0 54838 1
171 Q0 19926 1
174 Q0 36605 1
174 Q0 4674 1
174 Q0 54216 1
174 Q0 54330 1
174 Q0 83036 1
174 Q0 85355 1
174 Q0 95495 1
175 Q0 12477 1
175 Q0 31833 1
175 Q0 35833 1
175 Q0 52260 1
175 Q0 6616 1
176 Q0 21744 1
176 Q0 36855 1
176 Q0 43852 1
176 Q0 46520 1
176 Q0 59399 1
176 Q0 68636 1
176 Q0 77340 1
176 Q0 80595 1
176 Q0 97617 1
